1.0174194582380156	0.030587171589977223	-0.3226865647353616	-0.5806884781540681	0.14156539698664886	-0.20868660634026562
1.031643211366258	-0.5008996928265704	-0.16232602715218683	0.17885955479938187	-0.2626393683942394	-0.1807605227611763
-0.11690228546016587	0.7653172653828149	-0.7146342618506291	0.40188930373686393	-0.4326788850417579	-0.2068882020991168
-0.15798404778155178	-0.011869545125397897	0.9132927825394938	-0.31627201137903094	-0.41138729550145303	-0.3155025335184671
-0.10387988932799283	1.2989449779920106	-0.12136054756314661	-0.005922578006178564	0.21089188024420077	-0.19946361060308165
-0.11859685607340997	-0.20519881693094658	-0.18171056397278704	1.3470039034455388	-0.07999503345079016	0.1821214394284414
-0.1308092962384355	0.37924354623555645	1.5318106279145525	0.17658722602849478	-0.20640363637397785	0.7595871765399786
0.36193558574029494	0.07458272291129008	0.6814843451985981	0.021536293708371318	-0.7193811096547174	-0.28254649203683796
-0.10132061834154253	-0.9231352134417525	1.3911574219914173	0.2251543638089182	0.26605056844252684	0.2223656990319608
0.7767478266595186	-0.5348669502152227	0.30507379169850146	-0.27194172322084764	-0.2767777405290704	-0.16898238000974616
0.8510889831664118	-0.17917279678786915	0.26081564061471013	0.04676718673795549	-0.19468104935276792	-0.544176664558147
0.6987086267649509	-0.21994209350335278	-0.3762764699728715	0.6853959293405617	-0.29321893461754206	-0.2931058145258827
0.0406822746914564	0.09839349720249663	0.9668064555873728	0.057695382094274404	0.0009778365443341224	-0.11327890111833876
-0.22829065514747018	0.0240769402229982	-0.6558836952920709	0.9164447006026653	0.17596314308718114	0.07777011748444455
-0.5584946667293007	-0.36743889269349905	1.1650634153412676	-0.1579729181283189	0.06211975441957815	-0.2109468117859284
-0.025877362907971005	-0.5289002461930892	1.226489778837188	0.02375099618673408	-0.07167981947644035	-0.07490027040658706
0.2510240680655709	0.5503313584651806	0.41401763676066705	0.37390151066516797	-0.10230677836162325	-0.33472682569465756
0.06352278704861368	0.026909693782808948	0.9217767858143467	0.5338345771757024	-0.18306992322533835	0.29365202794782513
0.3019487387981807	-0.6296982563876797	-0.009276626345490157	0.5368173617547136	-0.439375412248607	0.06324772950147306
-0.06575825843352326	0.0988845835941829	-0.4887525525697099	1.0651149245628595	0.15452920984030208	0.4311253900670556
1.162492217710398	0.10503542242580706	-0.23588868614888564	0.06015021632369058	0.7907859975199807	0.3023500137857809
-0.0146534774311528	0.8398359475003261	1.41543447772928	-0.3115491831114369	0.1072621862879786	-0.3959576634791461
0.6195188755055825	0.5316317657070553	0.26342896436418023	-0.2915741158634014	0.5933025587352079	-0.768934580339927
0.6859189985973636	-0.30522889242631784	-0.5338776479032611	-0.5506011474406516	-0.6016553641623095	0.9316163924917543
0.31077006488017195	-0.0039205268785347715	0.16098623220749853	0.014577578862092924	-0.25771632845753334	0.06913944775633807
0.3889064095316964	-0.21895727138504537	0.2827941859816841	1.5585726720251254	-0.02696290017130455	-0.0994882249835914
-0.4848805198835585	0.18162364492750865	0.0051940614388231825	1.154727836481779	0.023573611690607	0.44573961084966857
0.17690377833155752	0.22765059380403227	-0.5108247127352148	0.806167140318863	0.10617559097541364	-0.12608340969581233
-0.15168058342061433	1.083118446830236	0.06534297888789177	0.6508989220260796	0.8703810755593215	0.14498254997394414
1.2115070568347641	-0.18183130481286694	-0.1687911826678936	0.11586830826277485	-0.257640807832865	0.6381232712530341
1.4020325385113293	-0.013285693027386964	0.127211975315509	-0.0338479442470338	-0.2328921013556779	-0.18060317534739084
0.7195040491789498	0.06528489588590436	0.6313748127675411	0.0181182963002315	0.5525675157609863	-0.7292114990389749
0.35968695009949336	-0.34320081103124384	0.3024852588723962	0.5479316341732186	0.5461318646974826	0.12451233553365003
0.6703604239334964	0.4825728142827132	-0.3294109719604734	0.061820195049071255	0.2873894854441431	0.23710982726555693
-0.3988248158264812	0.2426518804929482	0.5701722275589503	0.3188301225287908	0.08633612718621542	0.8468667323147129
0.863808526682808	-0.28087890124152665	0.2650864053046563	-0.1648290503067504	-0.21136803531571188	0.026127114846656783
0.8946655845407758	-0.5102551368319838	-0.20218276441970542	-0.7078581768958058	0.5742115754214283	0.031183476410285474
-0.41914542177760206	-0.05474110761474354	-0.4243093557491942	-0.10267219803733013	-0.13198313746758117	1.155582025199948
1.7373266060484462	0.19587317619361022	0.3229795151288409	-0.3018501980065986	-0.06252682186226324	-0.11817731953412146
1.3457365210972798	-0.22231805263762947	0.4410372574274098	-0.8549578485574745	0.4249309893493121	-0.3494606025360464
0.9576503381190226	-0.35812610714191867	0.35409451099231354	0.1252198523397294	0.49558604564265596	-0.006134383484406124
0.2938073424325647	0.4339134667310662	0.4487659568815947	0.3226895073148112	-0.24448802399402111	0.8642923864715374
-0.5064439473196266	-0.19636242974044035	0.2350283764963325	-0.7931177161479843	0.09344839987013259	1.0429020410292873
-0.017462756989190704	0.4870653495216008	-0.45345615310032583	0.4186437801749432	-0.8184684784993764	-0.23652439052625987
-0.3029248737001395	-0.2854821547025522	-0.14391388958651863	-0.11647932887280092	-0.38241773958091463	0.49715566031444225
-0.04036399178256529	-0.6670310025295718	0.07457027950205693	0.3750242718622688	-0.10939089223399609	1.3058351934688268
0.08355406684474294	0.06028131349906632	-0.30986406677196926	0.9674388314141927	-0.10080778113516127	0.05792100547194375
0.8081466972830578	-0.054024928803409776	0.40146502678237644	0.5686475494526028	0.9128589320915471	-0.19817288137009623
0.7714141139877155	-0.2639863818306509	-0.05624628155667105	0.218957999997034	0.5165521701406861	0.43450467476702226
1.1218118245026265	-0.08543178436159993	-0.08625011277043579	-0.18869350426047932	-0.4164207306843497	0.1027116180368555
-0.04087939868747451	-0.16751796119162746	-0.3065005837956904	0.6426431418260737	-0.05087208168895379	-0.06506557882073881
0.04632593228756038	0.4723097643287584	0.5644198042528714	0.8548324513656455	-0.5740831972496636	0.2301154066538319
0.08278255917724561	-0.2935188219221231	-0.05117321635301467	0.23770786502128677	0.030571149062692635	1.8349365864228648
0.08471240653155046	-0.0735487731907528	0.35844776711372106	-0.06178509040545902	0.583407840195963	-0.5046863521756477
0.17433483802204286	0.47471851470219384	-0.08064740052845924	-0.35170043609161467	0.11936804629459678	1.0799063820374235
0.3180150284424303	-0.2171135517794596	-0.009448778766738018	-0.12953508516730172	1.3218584648526146	-0.01836220283620979
0.05375115071415193	0.4177420210494606	0.11710806800245503	0.035422167116207354	1.25773490459568	-0.71862556747123
0.5260354476419937	-0.0005299037236262042	1.097807820521319	0.17048631191424238	-0.074902677019959	0.1969652310750897
0.6712071553377084	0.9013568445347584	-0.3236909672332291	0.3627097921290708	0.655896002268983	-0.47266659607935063
0.36377578130587496	-0.1420896667914321	-0.14564665122144188	0.9570045682613478	0.44252555004375727	-0.35632452683095556
0.15787197680823783	0.44924791821843973	-0.47590306589080306	1.3579537227251217	0.16406661693567656	-0.10406715263075332
-0.23836733930527193	-0.42439225709462014	1.534484865359107	-0.2937170313578877	-0.35511967479197104	0.21832455912228355
0.1041062726146048	0.26734139477761215	-0.16814679497101254	0.5427533521146041	0.14561445234827794	0.3498765668334239
1.1220776589733163	0.0635158933082368	-0.4870202858523472	-0.11061018061140271	0.011821418485989794	0.1795719323436161
1.2711622127401974	-0.13492394307317832	0.2541575179019295	-0.05186471478108694	-0.04139166930983906	-0.13293753016059287
1.1456716155892197	0.25214892504365893	-0.02928054944210654	-0.08787750610524488	-0.5128924103221536	0.2043986366301809
-0.09849555028026863	-0.7469369360945545	-0.0467621901471519	-0.08703316023021038	0.11178714881284069	1.1437844932336336
-0.06305631600079371	0.42200711530400625	0.12462926561868505	-0.3824256738499455	-0.8227833317637048	1.0454992000613468
0.06038842816566799	0.164559039985098	0.5312159954710278	-0.8865136879805405	0.8085445923452798	0.365107466677848
1.0593720000084448	0.3558915414374444	0.5988002260540539	-0.45233280090416084	-0.2590725464213018	-0.35072138947985587
0.2867040217696719	-0.3372400465421436	0.19417090736420847	0.9600339782426663	0.2437726721331347	-0.2519161399995476
0.9443508039724895	0.07028935482594247	-0.5079096563407905	0.36468661361716065	-0.025304867602754223	0.07459539447650844
1.0663835031416298	0.35269225236855156	0.193460715172615	-0.23274829351447973	-0.2656130058089608	0.3467362385158095
0.6732389747729698	-0.11401087321149184	-0.285117276641002	0.036608521841826	0.03238600384320936	-0.022940765203256934
1.051428680539683	0.3917626202236328	-0.5884211853271211	0.03908458703917688	-0.20521302338334155	-0.27494867848452176
-0.313160820447808	0.0044270257863403785	0.3639507639738381	1.1505212239076128	0.02770513313782219	0.07450287094213663
-0.4355039661667514	-0.22957139286451123	1.0606401648246842	-0.17016802462023367	0.2753201830892544	-0.10964112174808356
-0.606106175143509	0.38830744116124793	0.8402878473809656	-0.5524468628919064	0.05037046082581255	-0.2152527047308119
0.9239230735249465	0.49009940527343704	0.07417449831444328	-0.11527549945691168	-0.007573238055734178	0.1579385222585046
-0.4383086585709841	-0.049229249940819966	0.09222371064887858	0.04717094303764504	0.12977377252214323	0.8021172037386679
1.1559815302174654	0.057504098095648416	0.359854967292059	0.32168935994488645	0.6283309265441414	-0.05866553158287946
0.201935859412545	-0.19641179251046456	0.015744856386846775	0.3106266624018676	-0.6238443538232824	0.036156230300861986
-0.3841509804599266	0.02548855457224018	0.24419574796917726	-0.16284329835854822	0.6885776093295546	-0.30595714839565535
-0.007928236566533466	0.033478824950303715	0.02430938306153929	0.5277536562338392	-0.3900518066473702	-0.181063140933061
-0.1608329479046171	0.44671333057092444	0.8166390004040661	-0.37449338971879015	0.15839044606727123	-0.16247845395296956
0.3958600482748184	-0.09082888558949645	0.1681280389729534	-0.2902632885724651	-0.3219194845555451	1.111069773460012
-0.7801034321830226	-0.6508377419300703	-0.2674643594891727	0.5643702984832714	1.4305861306509116	0.06464002072089965
-0.6218410486964975	0.05036847284178908	0.20696656650379422	-0.34580186636785937	1.6633353689257198	0.05012943230584454
0.9439002818437336	0.03642723718003291	-0.2004078385229243	0.4010519826939062	0.4590646562703477	0.3128246334541276
0.010960088909212328	-0.030404868071261606	0.517973425981594	0.5567240378186443	0.2531444541488798	-0.10449329034592657
0.8167974740864586	0.14202735661655297	-0.316414105904084	-0.021949961761738367	0.04438831631058065	-0.24882362181340387
0.006946958708426256	-0.6650994097739205	-0.11848548752159806	0.09510972780559604	1.024444857915095	-0.19600422265533934
0.07469121348617119	-0.5090684377333774	0.5435561479951903	0.0048879573656956925	0.17340118600796	-0.08136864647395037
0.03763086588774811	-1.0014761490555755	0.9104897030173826	0.6306810415113586	0.11050158398434523	0.033959228932424056
0.009002686770636084	-0.20474585072010826	-0.02418025205952426	-0.008369921255072027	0.05453675447753286	0.9398212727355619
0.259166853043514	0.27306716831040917	1.0748112555542315	0.34236401003508143	-0.4621084236600132	0.14305602964660993
0.19110576194900006	-0.00953022786631525	-0.1543128347818207	1.160199390539115	0.12893494567903388	-0.26530663170291136
-0.5535507149747042	-0.032730363218496455	0.04944928411279392	1.2404806202004393	0.2746221173815907	0.1452299379309573
-0.11079758621602634	-0.20586320227899868	1.1268559175668744	-0.11376932300053022	0.4170533346593613	-0.7128316595976264
